$ANSIBLE_VAULT;1.1;AES256
30303230636361323036333634646139653863353966313239643537656664383833646130626338
3965323537353736383965313066303337363937346666310a646333383236313132356636613266
64303866636639633466303262633661353436343630623539373739386665653334393366623434
3939306539336139660a653334343632623632353531383661633962313263363266663630396139
36363139656139653331383261613263626630383462386136613364363030376636633563663938
32363836666437666265373238346437356635346164636665336238383832353530633063363431
36653838666335333431633061383436633863353933613034333538646266633333636661303864
33343363386561643832383434316266663430323062373264363863623164623035646566363264
61356366666439623538663230393361626265623437396463366638326166663536363938613734
62373233316637613361643836363131616461623961343133383439626534373962326532373461
63623466333565636365383938336563313665323939343965653733666332643131333732316237
38306637633032343039616638383837333962666632396335643535373164376262346130323332
38393762393937333636333334376265336531343961663138343631333736353237306465353263
37623365363765663530643962333332396264656439306632373332333231343034353262343665
31616431643264663131373464306666646236393134316365303632633134643331623834303736
62616134616531653533386262306162393737336236353333303039353334643837656561616634
30653837393161386430353636643837636239353030386165373631646230306233363864353931
34323435393835373638393438346331323735636361393835356635313931316463643465343461
36613334646632333237373831346238326431363635633432643630396332616437616562356239
31656135613262623732353835636532303034303932646433623765626430316434626430613236
37656536396462646263613530303132643739663562383132353334663161373464623565356236
62346265393636393030643263366162386530626437613435316266656634346439633463373539
33353262383534376262623664366538663064393564336566383835326363333336373038653337
63366663336237633061393639643530353232666136386132653133623065623837663364646361
34663239613939353534346361646163343938343339643536346331633332356561376539666364
66373534306166643838333339616237653366313135376662303634346264396366336636633231
31633339306533623162363139366136636539323338393537323930306463633064643038366662
30393431616538636163353064323432633035306538343066313935306533616363656335663538
36613161333130393264343835316139653364333230616435306438313937666665376365613636
32363738663339313264663931633431613332656365363434613766323034643861306239383038
62303932393835373566336631316232663437313664613062313566383830623733663739653735
32633262343035333365353266376130343133353134313534666265386232636364636136316666
34353236616462303665303736666465313834313337636633633966643137316261306231306261
63613638303230393735303833323639373138386537373832376536666162633130363063653266
66663564666239623836333761326463303333316466356633633366666465613731636433313833
30663366623965633336313930303237656565626562343565366661616665373738313637323562
30336437393836303935333439653832623033303237623166316664313161383761666466333234
65623735343965636634613464326234313532346235663563633530346133383136323766386562
30633064626339623961613230333536326565386534303439343732383961633634396462333432
37386334373838663036343564366165336533373861633464383337336464616131306137666266
33666564343062623237623134643138623433326538383661313065623038336162653235313365
39396138336666336237303034643430333532643935303535396362616433346639343965333230
32393062636337363930353439333338613366643338323838353561343034633333643638643361
34333432353161393931396565623161313138666436653762396166373038356166633761396234
39613163373137373064356164636637333939326238626238343534373862646161613462613262
36396464366162636130333131353132623630353432663863333637323135656565353230393833
34626666396263343731653832653439316536626532353864623030333330643565326338643236
34663436646631646534316632306139333034663265313332333061386136356632616531346438
61613862626363366464343834313632393933366639323738336630643266366536643664663331
61653464393463353231633965616266633238363438306338636232333362373832393631343435
32646263646266323065666562663832393333333139313966376561643338396662396261396563
35303237653166383531313665636162303933303736653566323166623530346232393266643339
36363530343361373037393566306434613131653634383031306338613266646132653166313837
36393739343437333930613038373933663033303732636531383931653339373134666536666662
61336561666564633462666234333761653238393766366431303764303362646534386266346365
37306432663634363766643434333564643330346539313737313139623164356530363630393330
62623430626562393037633139633661656261623039316336336631613733396264616437346535
61666439393733346135313166653763313764663033346235303631663162396163326630303038
39663733623639656539353466346237326366343463633530393635356366316437313432373830
66393035616533633131366261323032303264333533333762646332636330623361363535623235
35383534333364626638356466316631663533643063346233353533356533376634316236343565
33346362306532633532663961633633383130346531353731326434396261303337306430316531
64386366623334326331393264363535343835363463666262353131306565356236656462666330
65303665306437386536326232303431366636386637663265396435376163353237383838353739
34373062343432383464633337386663313033653264356439396330346431306666343837373161
64386465663933666465303433386664636239326534653137346362643335303136646535316262
38386532643833343032303434353937363336643666336435353762306334386465353864613164
34343463323936313832383431663033633038666535396661613838393932353931333938353333
33393366316536663331393564633434373136313635366336363637623634646137306431663330
39623537376338636338356166333839666365356238633839656430393338656439356463373364
64383033343834306664663837376366656231353162326338663765306434343039653131303466
33333130666230623839353235393837663363393435653537366162313235663365303962623763
66336434323439323363343535656366646531343136366430613066623339393332663438383633
33396263313734313765356564633634346230626230376535303633353164653264353863313036
33353236333837623936306431626464663830656265646663663366626436363237376635343035
31373239386263386132623933373333313332623932396239663162333664326262323330323563
38373230653966333661393465643362343166313431343562303566666565336632646563656366
63333233616235623031623138313333376530353232623632643637633865306535643039623366
32623338373765636230346537343934316232386330393637363533393137383862666131383266
66333036366632663739333238666438666338636139306435653630366230343234656130633731
35303765623337353131386366393130623534306564626336326633633863356464616135363462
31366537393933373238666438343536613165306330313465333836643138613365386565393331
36353663623139373864613335656265313238326435386233306563393961653533336234326337
65616337353939303166353639366366383066373132373437373836646266623737633734376438
38326235323066623637643537323162343333363065316665663466353233626362333862653861
39633261666136613563626263396562653136356234333431643634666266333534646563343664
36373163306265653562303731393230303361373366316463313162643765386639333666623833
39366164333766616136623633646465353539373635386662356161653338626636616632623365
63343338303335626663306232663666633466303966333536643537306564653765393865393836
34336430363461343337303762626365353138656334666539323932316161376534666433666338
33323639613563653062313964633838616539613366623061636165333333613665383937353562
31663334373933343237613838613431376363333136386566336135383836633562663439323235
61616438393763363431303365623837326262363962653835383464616563656531626162363461
64383832376564343333653730636161383836366239633736616138623231396561386637396564
31373932363435366166346463323662636264343031333938313062626161336135313661663265
37313365636232306432626634393035303835316435636238376235663661393034663665643565
63356561343539346333316439303766663933386539313838653637643536633134646231303664
39353663653630303933366462356531303339646230386663346361363262383332643537393335
62343731353765376135653134323462666637333630383063313230336665303562306365306431
64303762353032663934316365333136323062616537376439633034393334346238336337623965
39656138356130613838336663373235393361636366393633376561613934353630396434363764
35323362333538356331366330376437383838613132316663663164623231396432623534366432
30643631666663373366623532323830663866343434626361373435626331623763353063633933
65306531303632366336326531663962313936313566366133653039343630653335656536353065
62643038383932386462616138643839613435363564633630396562626231333036313639643838
30646565656262336664666331376233303131366266383562613637656163633332656130336439
31326364373230656334343262653731636439623130666337613033633465363361326330343138
38353361653839643565303230383133613331636439363764313831303539303337353066313862
37666230396665323332333531666261626438643837613234626332663639626165613933383934
32396533363336653739343735306461656262643161313233373638396531383037356239633337
31373666303838323533333933343436393235663937316638616363303330313332666637653230
34333461663761303962316663613736623737386265373431313835613436333463653661646566
63646666333633356133376431393437363034333436303465393939386165316666333634663766
36363539383031666439366161323462636239336461343739323937636135303162303931373661
34626564343735363034316333323533376565636530303839663630376533636238633632386531
32393639396463303830623061646334326564653462663933636133363130346565383731306634
34633737666631303336373934613965353563373366323335323531383730383737623766323661
35306365613262613639303034666561623462336165333566333131623532386532323763383233
31393832623361626265623765626235633135633365396361303838343530343031363632636534
65343430313131383065393932356435366336313335666630303432613939356338646566383238
65636466323865613838626531393634303565313537643838626438663565393834663039646661
39306162633362316631373166633537633432663561376164326639653131393934373533343264
34386537626363393330373363613930643231613864323239393736306162366230346264343039
64396232343232633731623364316339333939343330653331623165656565326261386338366366
61343934316139343038343436643534613064653538303738643434326236646636613837623763
33313138646434353136333761633462303339383633343736666231653731613939323534653433
65336563626636653135613236616337663264613733303235346536303235386238636332653566
30633963623263383730306366643034313732633466616164623462383862336431656137626233
39313638313030363761376136346637653039323666366530663963643436383562313432636364
66643239353331313038313465626562386533656666393139636134316161383762386563386166
31386639663866643834383866653135656239396233316532653936353033656235343030323338
65343665343861363362343462313537663661303164613864666630383134326563643861326133
32656231306662393032343935303464366566633231383133376135303431616335386535643361
65336633633133316663303131343462353230363063313238346263303732616566353762336162
353834333930393365616564383132646437
